11111111111100111111111111
10000100000100100000100001
10000100000100100000100001
10000100000100100000100001
11111111111111111111111111
10000100100000000100100001
10000100100000000100100001
11111100111100111100111111
00000100000000000000100000
00000100000000000000100000
00000100000000000000100000
00000100000000000000100000
00000100000000000000100000
00000100000000000000100000
00000100000000000000100000
00000100000000000000100000
00000100000000000000100000
00000100000000000000100000
00000100000000000000100000
11111111111100111111111111
10000100000100100000100001
10000100000100100000100001
11100111111111111111100111
00100100100000000100100100
00100100100000000100100100
11111100111100111100111111
10000000000100100000000001
10000000000100100000000001
11111111111111111111111111
